-7
72
22
-28
-66
48
-55
47
49
8
0
62
-99
70
69
-53
-27
23
11
-10
45
-20
-22
-56
41
88
15
65
76
29
83
13
-57
76
37
-2
34
22
36
-69
20
69
1
-26
-17
-34
-28
-68
-88
-13
86
-50
-84
-54
16
-87
-6
-22
31
-54
-67
-19
71
-80
25
88
18
-75
-67
-30
14
52
88
-20
70
77
79
-97
61
-25
16
-17
53
-11
44
33
-3
97
-40
23
-96
-44
91
-11
98
-61
98
-19
49
-4
48
-54
99
42
74
-67
-37
36
-24
39
-66
-10
17
-44
31
51
29
-18
-23
93
-10
21
65
10
-35
-43
61
-1
-18
31
79
-2
-46
-36
27
-31
-16
-90
16
10
-30
61
21
21
-11
14
39
34
59
-54
11
16
-97
57
-94
-74
-18
-11
-24
16
-27
64
-46
46
61
36
-64
-48
29
-39
-33
18
66
67
23
29
-100
-56
-80
52
18
-74
40
-65
-81
-38
-6
-2
-42
1
88
95
34
-100
-64
6
7
75
61
53
-22
-13
-95
-2
80
93
51
-63
-67
-23
-75
-63
-32
25
98
-53
-76
-82
27
-2
-58
38
95
-72
-26
-27
84
66
31
-83
-79
-74
-17
-32
-26
-69
-79
-59
-44
-74
12
-43
-36
81
-25
50
26
-91
-98
90
-19
-11
-52
-38
11
40
-8
77
-76
7
-91
85
7
-84
-45
100
54
-100
-50
66
-75
83
62
0
87
85
-26
-87
53
24
47
75
63
41
37
33
79
-79
58
35
40
-56
-83
50
-83
27
51
-52
25
-24
96
26
59
-64
64
-2
27
48
-24
26
-35
-22
-76
0
60
-66
-79
66
-20
23
-80
33
-57
16
-74
81
65
-88
-18
-41
-66
-75
-12
-24
28
-80
-84
27
77
-62
-94
-70
46
-69
-31
-39
-80
18
90
84
5
85
69
-98
-44
-37
-17
-58
-90
83
33
14
-34
-84
-8
-60
91
48
72
40
-82
-5
90
-59
16
91
88
-88
-53
66
61
-53
-78
-1
54
-51
-43
-14
-80
-35
38
74
17
94
5
-8
65
29
39
-71
-30
-28
46
-50
66
-90
96
27
-13
-35
-24
-29
96
-56
-78
-15
-9
67
-38
-57
83
5
28
7
-99
-56
79
96
37
-76
-74
-42
-27
-82
-5
-12
2
73
34
44
-46
30
99
55
90
-34
78
-28
72
-81
-100
98
-34
-5
-54
66
45
-62
-52
21
-69
-100
91
-37
-62
-83
98
78
49
34
84
19
-67
19
90
-47
6
73
18
36
-33
7
-77
17
-77
-72
93
79
72
29
44
-36
25
-88
13
-47
40
36
17
72
-32
100
23
-63
-64
-18
65
48
6
94
-40
73
21
13
-46
25
77
-26
-61
-91
-75
-81
-95
-80
91
19
95
-80
-95
36
13
70
-44
46
-33
-33
84
87
-20
42
-36
-56
-28
79
-31
72
44
-89
59
89
-23
-34
-3
7
47
-51
94
3
-53
17
-12
44
42
70
-20
-9
16
75
-54
87
41
90
94
-2
46
81
47
-74
51
-81
76
83
-39
-83
-42
-53
-27
50
100
-83
-27
-19
40
63
-46
20
3
2
-1
79
-45
69
66
72
-53
-13
-28
99
61
66
2
67
52
-73
41
5
-17
24
11
-67
-83
67
75
-72
14
-41
-50
-70
-56
-75
-22
-55
28
73
64
-94
-83
-11
70
72
75
-26
89
-67
16
6
30
12
-78
49
-63
79
91
-35
61
-12
94
38
-42
88
-63
-58
55
36
-12
-43
-61
79
-37
34
-12
94
54
40
-41
44
79
42
12
-93
30
39
-92
-5
89
0
-46
-37
-88
-24
-87
-21
-70
83
34
33
19
-47
46
-41
-33
51
-52
-12
-39
-57
-76
-50
-94
-84
10
-48
-75
-49
-42
-1
-67
-41
47
88
-98
77
67
88
21
-92
63
72
-95
27
-76
25
96
-47
41
80
-10
21
-66
45
-25
-97
-44
97
66
61
-47
80
24
-65
-1
-40
6
59
-44
-9
85
-39
67
-48
-19
-48
-56
-20
92
85
-43
73
11
-22
-92
13
-76
-98
12
100
20
71
-78
61
56
83
-53
71
-73
65
-81
-63
97
-51
96
-71
55
83
-36
-78
59
77
-96
81
3
-19
-31
-54
-73
87
-65
4
-54
-43
71
-86
-62
-95
-3
-2
-96
-26
-48
-73
66
-80
76
-39
-17
80
58
-58
39
-10
-60
44
66
-59
-42
-26
13
-99
44
-59
30
16
92
40
-22
82
91
49
-14
66
-82
-16
24
78
-86
-17
5
-92
63
-53
-72
93
66
57
-84
-73
-52
98
48
-78
85
-97
31
-90
-3
-50
-71
-64
83
2
90
-91
57
73
-28
57
-81
89
-73
75
69
5
-61
-4
-87
37
50
-65
23
-49
33
94
-99
-37
82
-86
54
13
-20
65
-46
-31
-74
-40
-43
-81
-64
93
-15
-40
-92
-41
71
73
-47
-20
64
-65
98
61
0
94
13
32
70
97
-93
-7
92
-43
-98
6
8
-37
21
0
-21
79
-62
95
0
58
51
-37
-58
-27
-77
-71
-91
1
-49
19
16
19
-36
-40
56
-6
-9
-39
-89
43
-99
-73
-43
3
52
7
-49
54
-99
85
97
-97
-39
43
-57
-51
-11
-4
74
79
-16
-10
-95
-16
91
90
99
-39
